,num_workers,num_packages,num_fillings,human_error
0,15,1000,2,0.02
